x <- 1:100
mean (x)

